-56.404,-40.153,1.7089
-53.141,-49.843,8.2646
-5.0017,20.646,25.733
-33.266,20.2,45.348
-31.958,2.1466,51.269
-38.795,12.585,33.279
-39.715,11.341,48.846
-8.6091,-73.36,17.095
-5.3042,-87.102,19.323
-24.011,-5.8614,-32.827
-30.238,-46.494,-17.452
-34.772,-9.2996,-35.173
-33.516,-72.221,-14.258
-37.632,-38.758,-22.906
-38.897,-60.875,-16.664
-43.394,-58.81,40.472
-35.981,-83.126,18.926
-44.904,-56.281,17.44
-31.994,-75.484,33.057
-43.132,-66.559,15.906
-37.123,-69.533,43.259
-43.266,-75.049,23.401
-45.069,-64.283,32.023
-43.614,-6.0166,-40.149
-50.245,-60.609,-7.838
-48.243,-19.48,-32.48
-52.185,-51.758,-16.905
-52.818,-31.309,-26.385
-52.836,-41.77,-22.661
-8.6169,-48.172,7.7319
-5.075,-42.785,28.464
-24.909,-92.3,14.186
-42.947,-72.409,-6.834
-14.745,-99.827,8.8439
-45.166,-77.34,4.5831
-16.533,-100.15,-6.0461
-34.836,-84.61,-14.469
-28.702,-89.411,2.4352
-24.468,-93.362,-13.928
-35.435,-89.191,-3.7326
-17.754,47.756,-18.101
-20.811,15.328,-20.022
-28.967,31.229,-15.813
-28.864,25.384,-12.547
-23.078,-62.599,-8.5007
-6.5596,-88.407,-8.0452
-16.9,-52.515,-6.0028
-6.9801,-76.649,-1.6624
-14.722,-63.34,0.89487
-15.834,-74.541,-9.203
-6.0252,17.266,-16.859
-6.5011,52.613,-11.098
-5.7192,39.966,-19.798
-59.379,-14.5,-22.706
-56.849,-58.883,2.3819
-52.195,-0.91522,-29.74
-60.826,-42.142,-8.0543
-60.019,-27.635,-13.299
-25.991,-25.187,-25.332
-22.076,-38.248,-12.108
-7.3628,-38.57,61.859
-8.7213,-21.255,49.808
-7.5063,-26.003,60.179
-49.74,21.61,15.596
-44.486,11.435,5.6531
-45.812,13.245,17.796
-41.443,40.408,-12.178
-48.102,30.819,5.2278
-40.487,31.111,-0.50213
-9.9864,-89.403,3.9261
-13.644,-74.059,7.274
-16.09,-36.385,70.946
-51.748,-13.375,13.364
-29.604,-33.27,62.904
-60.994,-13.469,23.995
-40.489,-29.291,58.127
-53.221,-15.221,34.495
-44.948,-27.508,49.682
-49.124,-21.492,44.209
-6.4485,-26.227,38.546
-4.3811,-7.3467,35.44
-37.874,-17.551,53.144
-49.771,0.85905,7.7181
-13.373,-26.42,69.113
-54.642,3.8046,21.877
-24.046,-17.931,65.358
-32.737,-15.538,59.027
-53.932,-2.5691,28.428
-42.152,-6.4378,47.717
-47.849,-7.087,39.929
-14.24,-60.531,12.162
-9.7131,-48.762,58.943
-11.606,-66.186,23.613
-9.2608,-44.096,43.358
-7.174,-69.685,35.982
-7.305,-61.735,48.466
-7.4116,-56.623,28.838
-5.0207,35.551,2.4731
-40.06,33.65,16.157
-39.194,47.543,5.0713
-31.628,29.74,36.488
-21.916,57.99,-10.367
-42.454,27.74,29.636
-32.064,53.734,-2.7663
-25.072,40.946,29.7
-23.693,56.431,9.9102
-37.375,41.639,23.134
-26.224,50.223,20.187
-11.063,61.803,6.2995
-11.687,-8.4248,64.785
-9.0207,52.775,15.417
-17.927,1.24,62.199
-10.35,54.691,27.231
-7.2065,-2.8305,52.237
-7.8667,41.423,31.085
-10.007,10.758,61.434
-12.799,41.987,41.756
-8.0508,16.079,48.006
-17.722,30.842,48.029
-17.762,21.068,55.61
-6.9395,28.798,44.5
-16.829,-49.728,66.32
-12.001,-89.21,25.054
-31.851,-47.447,59.382
-34.424,-45.067,46.744
-29.741,-54.798,46.406
-18.845,-83.869,31.85
-20.724,-60.529,61.521
-23.65,-73.056,29.861
-21.033,-66.469,43.566
-12.296,-70.56,52.287
-49.5,-32.087,8.0409
-43.696,8.4431,-23.51
-61.949,-38.301,11.641
-52.287,3.186,-16.006
-59.114,-24.142,-1.9033
-55.627,-12.855,-2.4308
-51.983,-7.2074,-8.806
-44.148,-47.573,41.342
-46.733,-28.505,18.622
-54.164,-47.447,39.001
-58.912,-29.413,25.094
-57.393,-49.402,24.447
-54.589,-32.859,37.252
-49.357,-38.912,32.554
-8.1188,63.549,-9.2185
-31.542,10.662,-35.594
-44.534,-22.9,6.7732
-35.687,-20.588,11.657
-34.237,7.1244,-12.184
-37.4,-8.5937,4.4364
-35.45,4.2798,-0.59237
53.969,-39.123,1.4973
54.99,-42.904,8.9516
5.6393,21.084,26.726
37.199,10.574,33.786
32.88,5.008,52.605
38.176,21.138,45.693
36.442,12.222,48.854
7.9701,-78.014,26.548
6.2011,-89.291,13.002
8.6302,-72.195,16.803
24.688,-4.9622,-33.415
32.029,-69.723,-12.972
34.95,-7.7812,-36.41
37.491,-59.459,-16.182
36.035,-34.845,-22.614
33.584,-48.043,-16.66
49.547,-52.679,13.404
37.366,-80.32,21.612
51.26,-52.231,26.509
35.462,-73.578,35.112
43.067,-65.541,12.949
42.331,-50.822,40.643
42.866,-72.44,20.835
50.2,-56.465,40.015
38.151,-64.761,44.784
46.551,-64.835,30.294
43.38,-4.2933,-40.017
51.657,-58.795,-8.9104
52.72,-19.405,-32.36
53.741,-48.776,-18.39
51.821,-32.636,-24.873
10.076,-47.139,6.8641
5.0817,-43.031,27.895
18.646,-99.162,-7.394
44.513,-70.022,-2.0359
17.106,-99.073,10.07
24.049,-90.627,16.783
43.316,-78.805,-11.404
32.221,-84.386,8.2592
28.676,-86.708,-12.2
29.431,-94.003,-5.3629
41.603,-84.248,-1.2377
22.097,15.253,-19.587
18.684,45.826,-18.557
34.727,27.001,-12.522
19.725,30.733,-19.56
18.333,-50.895,-4.9115
8.1982,-89.141,-8.5737
20.626,-58.532,-6.0805
7.6879,-77.239,-3.4715
12.885,-63.722,2.1839
17.115,-73.041,-8.472
7.618,52.546,-8.6713
6.6366,19.291,-18.221
6.3354,40.742,-18.018
60.749,-34.048,-8.0652
51.631,2.9988,-32.906
59.994,-10.801,-22.33
56.269,-57.782,3.1347
62.075,-43.289,-7.7187
59.992,-21.625,-15.327
23.854,-37.517,-11.569
27.448,-24.861,-24.205
11.545,-33.684,49.448
5.3566,-16.772,61.135
6.4975,-29.478,59.215
45.542,12.249,5.7792
50.73,20.262,18.122
46.693,12.043,16.936
42.385,41.078,-11.352
48.345,35.372,-0.69459
43.059,25.395,5.9387
49.411,29.426,7.5604
14.566,-70.588,8.201
12.275,-91.433,3.4737
9.3241,-78.765,7.6759
13.789,-34.572,71.667
50.836,-10.314,13.851
28.371,-33.301,63.25
61.878,-11.132,22.532
39.056,-32.346,56.623
54.62,-14.836,36.203
43.566,-23.449,53.868
48.387,-19.412,45.558
5.614,-10.595,38.678
5.7074,-24.731,36.269
50.415,1.973,7.995
13.825,-24.345,68.443
54.264,5.645,24.205
22.698,-15.158,65.774
55.756,-2.122,27.642
33.546,-20.56,58.861
48.733,-3.4931,43.394
39.911,-11.508,46.214
33.181,-9.7618,53.351
14.099,-58.054,12.917
7.8795,-58.919,24.868
9.7611,-47.659,59.439
17.347,-68.079,26.266
6.4233,-59.7,49.989
7.5625,-66.638,37.238
9.1532,-45.783,40.913
5.9839,34.533,2.5428
28.995,56.136,-10.25
22.806,58.195,-1.6275
31.818,29.862,37.897
38.776,49.49,5.1107
43.918,26.858,30.252
23.69,56.926,12.713
43.268,33.058,22.368
24.459,47.984,26.632
38.413,43.921,19.272
30.409,40.025,24.249
9.7296,6.9514,45.688
10.932,61.391,5.9319
12.367,-3.2651,65.643
10.09,52.879,14.414
19.313,3.4106,60.36
10.21,54.909,26.16
9.6868,8.2947,60.026
11.492,46.988,37.341
19.626,17.776,54.751
9.105,36.257,30.568
9.2005,24.389,53.686
16.003,36.525,45.571
9.6622,30.315,45.207
23.585,-81.496,24.361
14.989,-47.233,68.313
15.733,-85.226,34.588
22.034,-75.394,40.054
23.849,-65.157,38.592
29.591,-46.772,61.291
13.059,-68.865,53.703
33.209,-44.12,46.361
18.52,-59.154,61.759
30.873,-53.879,51.444
45.127,10.19,-23.683
60.395,-31.75,9.3726
53.18,1.8829,-14.545
56.76,-7.7168,-6.3082
59.155,-22.562,3.0087
51.438,-17.538,-3.4355
42.911,-34.255,40.888
45.034,-24.934,18.411
52.152,-41.396,41.956
55.926,-25.443,26.921
60.142,-41.424,23.042
58.938,-35.887,36.867
53.339,-30.726,31.863
9.8338,62.819,-10.737
32.33,9.8406,-32.328
45.55,-20.648,7.0124
36.196,9.1734,-11.674
36.409,-19.093,10.738
38.165,-6.0456,4.2853
36.767,5.5735,-1.3633